              precision    recall  f1-score   support

           0       0.34      0.39      0.36      1000
           1       0.37      0.38      0.38      1000
           2       0.27      0.20      0.23      1000
           3       0.23      0.14      0.17      1000
           4       0.24      0.21      0.23      1000
           5       0.30      0.31      0.31      1000
           6       0.28      0.33      0.30      1000
           7       0.31      0.31      0.31      1000
           8       0.34      0.42      0.37      1000
           9       0.38      0.45      0.42      1000

    accuracy                           0.31     10000
   macro avg       0.31      0.31      0.31     10000
weighted avg       0.31      0.31      0.31     10000
