              precision    recall  f1-score   support

           0       0.24      0.31      0.27       103
           1       0.39      0.37      0.38        89
           2       0.18      0.17      0.17       100
           3       0.02      0.01      0.01       103
           4       0.17      0.21      0.19        90
           5       0.18      0.10      0.13        86
           6       0.22      0.29      0.25       112
           7       0.27      0.27      0.27       102
           8       0.31      0.40      0.35       106
           9       0.38      0.31      0.34       109

    accuracy                           0.25      1000
   macro avg       0.24      0.24      0.24      1000
weighted avg       0.24      0.25      0.24      1000
